1 0.465615 0.096171 0.898817 0.061920
4 0.468244 0.157045 0.910206 0.053246
4 0.078187 0.192492 0.126588 0.017649
4 0.091765 0.910859 0.144109 0.014358
4 0.438896 0.693240 0.228647 0.029016
5 0.161410 0.252318 0.290407 0.106192
5 0.160753 0.352528 0.282085 0.094227
5 0.161629 0.489381 0.287341 0.177086
5 0.160753 0.612923 0.285589 0.067604
5 0.161410 0.672749 0.290407 0.052049
5 0.161629 0.723751 0.293473 0.060724
5 0.162286 0.827251 0.298292 0.146276
5 0.164696 0.955280 0.293473 0.065510
5 0.466491 0.255609 0.293473 0.143883
5 0.468901 0.386928 0.301796 0.116363
5 0.468901 0.487736 0.301796 0.081065
5 0.470653 0.599013 0.301796 0.143883
5 0.468901 0.736464 0.298292 0.059827
5 0.469120 0.804068 0.295226 0.081962
5 0.471310 0.915944 0.296978 0.135208
0 0.786246 0.247233 0.306614 0.122943
0 0.786903 0.371373 0.305300 0.120550
0 0.785151 0.701615 0.301796 0.544122
5 0.799825 0.584655 0.220762 0.066707
5 0.786903 0.673946 0.275515 0.067604
5 0.838809 0.945259 0.152431 0.036494
0 0.724485 0.493718 0.150679 0.093030
2 0.140385 0.045767 0.254490 0.020939
