1 0.587734 0.143195 0.619127 0.111834
4 0.459667 0.329438 0.671518 0.116272
4 0.257173 0.438314 0.241580 0.018639
4 0.188773 0.804438 0.132225 0.016568
5 0.292723 0.509172 0.316008 0.096450
5 0.264865 0.693787 0.281913 0.182840
5 0.266528 0.887130 0.278586 0.147041
5 0.861538 0.909763 0.276923 0.104142
5 0.860083 0.731065 0.279834 0.249112
5 0.566112 0.871450 0.286486 0.178402
5 0.566112 0.693195 0.283160 0.177515
0 0.752183 0.467456 0.495634 0.223669
3 0.090229 0.894231 0.058212 0.145858
9 0.248025 0.402219 0.241580 0.025148
