2 0.881373 0.069943 0.193333 0.030484
3 0.503529 0.942165 0.879216 0.067806
5 0.209412 0.662108 0.276078 0.454701
5 0.501961 0.662108 0.272941 0.452422
5 0.793922 0.666097 0.277255 0.455840
11 0.218431 0.380484 0.227451 0.095442
11 0.504314 0.383903 0.214118 0.093162
11 0.792353 0.380484 0.211373 0.095442
0 0.203333 0.232764 0.270196 0.156695
0 0.499020 0.234330 0.263922 0.164387
0 0.797647 0.230912 0.269804 0.162108
0 0.199020 0.123504 0.263922 0.048148
0 0.500588 0.123077 0.278824 0.053561
4 0.787843 0.123077 0.271373 0.055840
4 0.205490 0.123077 0.274510 0.055840
4 0.501961 0.121368 0.276078 0.054701
