1 0.320980 0.097863 0.605098 0.057835
4 0.470980 0.138889 0.898824 0.024217
0 0.278039 0.280199 0.524706 0.249858
4 0.277255 0.423362 0.517647 0.027350
4 0.283137 0.595299 0.529412 0.323362
0 0.497451 0.789316 0.954902 0.066952
0 0.881373 0.885613 0.190196 0.080057
0 0.108235 0.884188 0.194510 0.092023
0 0.889412 0.449003 0.221176 0.103134
11 0.670196 0.599715 0.199216 0.040456
11 0.667843 0.662108 0.194510 0.040456
11 0.676275 0.734615 0.211373 0.036182
5 0.695882 0.651282 0.262353 0.200570
0 0.897255 0.649573 0.140392 0.203989
5 0.747843 0.524644 0.315294 0.021937
4 0.738824 0.503276 0.309020 0.020798
4 0.769608 0.361396 0.404314 0.026496
5 0.768235 0.386610 0.401569 0.017664
5 0.478627 0.884046 0.528235 0.083191
3 0.493725 0.964103 0.952941 0.043875
11 0.768235 0.268234 0.401569 0.144444
4 0.731961 0.181054 0.329020 0.033903
11 0.676275 0.450142 0.187059 0.072365
