2 0.194314 0.039174 0.230980 0.035043
1 0.517255 0.100000 0.882353 0.045014
4 0.513333 0.141738 0.850980 0.047009
4 0.302157 0.285328 0.434118 0.090883
4 0.811176 0.291738 0.281961 0.029630
8 0.519412 0.508832 0.268627 0.068946
5 0.301569 0.200855 0.429804 0.055840
5 0.741765 0.222792 0.423922 0.095157
0 0.519216 0.370655 0.295686 0.202849
5 0.297647 0.504986 0.428235 0.352991
5 0.739608 0.500570 0.434510 0.390313
4 0.297647 0.721937 0.421961 0.052422
4 0.738824 0.732764 0.426667 0.056980
5 0.296863 0.820940 0.418039 0.150142
5 0.735098 0.823789 0.416078 0.131339
3 0.488431 0.910256 0.948627 0.043875
