1 0.182378 0.075499 0.328238 0.113960
4 0.490870 0.050142 0.233546 0.039316
4 0.485350 0.081481 0.235244 0.031909
4 0.815074 0.076496 0.271338 0.019658
4 0.780892 0.216239 0.212314 0.018803
4 0.777495 0.483476 0.185987 0.014245
4 0.807643 0.467094 0.253079 0.020798
4 0.780042 0.692735 0.180892 0.020798
4 0.824204 0.708689 0.269214 0.021937
4 0.452442 0.716382 0.156688 0.017379
4 0.480255 0.733476 0.208917 0.018519
4 0.501486 0.468234 0.251380 0.023077
4 0.489384 0.490171 0.223779 0.031624
4 0.467304 0.283618 0.199151 0.019658
10 0.191295 0.164245 0.300212 0.050427
7 0.187261 0.440313 0.311677 0.503989
0 0.094904 0.439744 0.114225 0.110826
0 0.184713 0.804558 0.313376 0.213675
5 0.531847 0.180627 0.259448 0.168661
5 0.845223 0.143875 0.262845 0.121368
5 0.843100 0.290171 0.264544 0.135897
5 0.842887 0.578348 0.258174 0.177778
5 0.536730 0.602991 0.269214 0.191738
5 0.531635 0.322934 0.256476 0.065812
5 0.531847 0.836895 0.250106 0.188319
5 0.840340 0.827066 0.253079 0.225641
0 0.668153 0.402991 0.614437 0.089744
