4 0.437420 0.104940 0.532251 0.039692
4 0.382529 0.568675 0.415634 0.030554
9 0.107433 0.110508 0.095258 0.028555
9 0.108073 0.571388 0.099957 0.029697
2 0.833405 0.060965 0.240068 0.037407
5 0.241991 0.336236 0.453225 0.416619
5 0.715293 0.334095 0.463477 0.407767
9 0.843229 0.540548 0.151217 0.029697
9 0.546775 0.944889 0.136694 0.016562
5 0.707817 0.764706 0.461341 0.348372
5 0.244554 0.769560 0.458351 0.358081
3 0.480137 0.973872 0.943187 0.026556
8 0.839171 0.359509 0.205468 0.069103
0 0.839171 0.223015 0.205468 0.194746
