3 0.909187 0.149430 0.161304 0.123932
8 0.906647 0.253989 0.159610 0.092023
2 0.174852 0.034900 0.220152 0.037322
3 0.203218 0.941595 0.273497 0.031909
4 0.468882 0.076496 0.482218 0.037322
4 0.601397 0.483048 0.754022 0.037322
9 0.163421 0.078063 0.105843 0.029630
9 0.165114 0.490028 0.093141 0.029630
5 0.300381 0.711538 0.454276 0.419658
5 0.761854 0.710826 0.455970 0.414245
5 0.300381 0.280342 0.457663 0.368091
5 0.763548 0.279630 0.452583 0.362678
9 0.770957 0.451852 0.187130 0.027350
9 0.910881 0.910969 0.138442 0.020798
