0 0.708064 0.275926 0.465718 0.383761
2 0.840664 0.066097 0.207417 0.031909
3 0.480164 0.970655 0.942216 0.028490
0 0.714748 0.587179 0.432514 0.087749
0 0.559724 0.732336 0.132816 0.044729
0 0.712160 0.736040 0.135834 0.048148
0 0.860500 0.732906 0.141009 0.045869
11 0.562311 0.807835 0.131091 0.062393
11 0.713885 0.808974 0.139284 0.066952
11 0.863950 0.810684 0.134110 0.078917
11 0.715610 0.692308 0.361794 0.037037
11 0.570505 0.901567 0.134541 0.030484
4 0.561449 0.767379 0.132816 0.020798
4 0.707201 0.765100 0.132816 0.020798
4 0.863303 0.764530 0.125916 0.019658
4 0.708064 0.515385 0.452781 0.082051
5 0.240405 0.547721 0.466149 0.778063
9 0.088616 0.945442 0.162570 0.017379
1 0.316731 0.120798 0.293661 0.060399
9 0.118586 0.116524 0.082794 0.040456
4 0.706339 0.642450 0.382924 0.016524
4 0.709789 0.662678 0.406210 0.023932
