4 0.465071 0.309395 0.295386 0.032838
0 0.796033 0.170331 0.326865 0.124215
0 0.794524 0.342376 0.333333 0.122787
0 0.792799 0.530697 0.329884 0.150485
0 0.790858 0.750999 0.323415 0.145060
8 0.791074 0.256139 0.320397 0.045117
8 0.792583 0.426899 0.323415 0.046259
8 0.791074 0.641633 0.329884 0.069103
8 0.791074 0.848230 0.320397 0.051685
9 0.783527 0.938749 0.308754 0.032838
3 0.474989 0.969589 0.942216 0.024272
2 0.876240 0.069246 0.172488 0.038549
5 0.154161 0.522416 0.297111 0.856939
5 0.468305 0.187893 0.301854 0.190177
5 0.470030 0.637350 0.305304 0.627070
5 0.784390 0.899772 0.313066 0.038264
