1 0.635090 0.139601 0.485571 0.086610
9 0.459013 0.198718 0.136763 0.031624
4 0.251359 0.134615 0.252614 0.094302
2 0.171685 0.038746 0.176913 0.027350
0 0.378503 0.485185 0.223338 0.153276
4 0.821623 0.259972 0.253869 0.020798
4 0.145128 0.862251 0.123798 0.019658
5 0.232957 0.882479 0.292765 0.031624
5 0.538687 0.569658 0.296110 0.707977
5 0.231284 0.531197 0.296110 0.628775
5 0.843371 0.230484 0.291510 0.031909
5 0.844207 0.594872 0.295692 0.655271
3 0.260351 0.938889 0.363446 0.024217
10 0.138854 0.914103 0.120452 0.023077
