0 0.633463 0.228775 0.635619 0.223362
8 0.633463 0.360399 0.632169 0.028490
5 0.154808 0.324217 0.301854 0.458120
5 0.465287 0.509972 0.301854 0.242165
5 0.782665 0.464387 0.303579 0.157835
5 0.785252 0.738889 0.308754 0.347293
5 0.467443 0.802991 0.303579 0.296011
5 0.155024 0.765670 0.304873 0.376923
9 0.782881 0.935613 0.310047 0.028490
3 0.475205 0.966809 0.945235 0.016239
2 0.850798 0.066097 0.200949 0.040456
4 0.149849 0.571795 0.288486 0.019943
4 0.698793 0.560826 0.139284 0.019658
4 0.423674 0.645726 0.209142 0.018519
