2 0.757524 0.066097 0.343938 0.029630
5 0.155847 0.108262 0.287618 0.021652
5 0.157567 0.209544 0.294497 0.178632
5 0.156707 0.375641 0.292777 0.153561
5 0.155847 0.546581 0.294497 0.192877
5 0.155847 0.741168 0.294497 0.194017
5 0.154342 0.893305 0.297506 0.117094
5 0.465821 0.719801 0.299656 0.076638
5 0.468186 0.821083 0.304385 0.128205
5 0.468401 0.915812 0.294497 0.061254
5 0.779880 0.816239 0.302666 0.269516
3 0.470980 0.968376 0.934222 0.026211
8 0.634566 0.655556 0.643164 0.031909
8 0.630267 0.362393 0.641445 0.028490
0 0.633706 0.228775 0.638005 0.223362
0 0.636285 0.518091 0.643164 0.245299
