0 0.247856 0.170902 0.306247 0.171616
2 0.333401 0.039549 0.443038 0.029412
8 0.247856 0.308824 0.309514 0.104226
5 0.257248 0.453455 0.287464 0.142776
5 0.258065 0.645631 0.285831 0.243861
5 0.257248 0.824101 0.284198 0.113078
5 0.258881 0.902627 0.280931 0.041690
5 0.556554 0.120931 0.285831 0.115648
5 0.554920 0.306111 0.282564 0.256996
5 0.554104 0.579669 0.280931 0.296402
5 0.554920 0.789977 0.282564 0.126499
5 0.556554 0.888921 0.285831 0.071388
5 0.857493 0.120503 0.285014 0.114792
5 0.856064 0.241291 0.287873 0.127356
5 0.855247 0.528983 0.289506 0.448030
5 0.855247 0.836236 0.289506 0.170474
3 0.250306 0.942604 0.267048 0.029697
