0 0.416362 0.152564 0.598051 0.178632
0 0.428136 0.600285 0.584247 0.639886
0 0.588104 0.586610 0.217215 0.231339
0 0.428136 0.324217 0.278116 0.087749
0 0.427324 0.822080 0.139261 0.033903
4 0.430572 0.397578 0.473000 0.050427
1 0.343078 0.604131 0.298011 0.088604
4 0.412505 0.709829 0.436866 0.050427
11 0.415550 0.762963 0.440520 0.053561
11 0.440520 0.476353 0.490459 0.100855
8 0.415550 0.257835 0.599675 0.034188
5 0.863175 0.089744 0.273650 0.059259
5 0.863987 0.242308 0.272026 0.180342
5 0.863987 0.869373 0.272026 0.104558
5 0.863987 0.694444 0.272026 0.239031
5 0.863175 0.452849 0.273650 0.244160
4 0.855258 0.139031 0.257816 0.028490
2 0.422046 0.038746 0.618352 0.031909
3 0.260252 0.943162 0.260658 0.024217
