2 0.386622 0.037836 0.631048 0.037407
5 0.844552 0.241148 0.300799 0.358367
5 0.847076 0.564106 0.305848 0.289834
5 0.841397 0.805825 0.294489 0.158195
6 0.839714 0.906910 0.301220 0.030840
3 0.256416 0.941034 0.402608 0.032838
0 0.384308 0.707025 0.596971 0.419760
5 0.572781 0.885494 0.188052 0.040548
5 0.220025 0.874500 0.249053 0.057967
5 0.228019 0.410480 0.297854 0.133923
5 0.534708 0.408338 0.292806 0.131925
8 0.372949 0.300114 0.616323 0.040548
0 0.372949 0.167619 0.623054 0.219874
4 0.754733 0.718589 0.121161 0.020845
