0 0.242450 0.110399 0.479027 0.162108
1 0.235948 0.091738 0.443372 0.043875
4 0.108641 0.135755 0.188758 0.035043
4 0.162542 0.277493 0.299916 0.088889
4 0.787752 0.844587 0.298658 0.087464
5 0.160864 0.390883 0.303272 0.113960
5 0.161703 0.482336 0.304950 0.071225
5 0.160864 0.595869 0.306628 0.155840
5 0.163381 0.752991 0.308305 0.156695
5 0.164220 0.861538 0.306628 0.060399
5 0.475461 0.292308 0.299916 0.111681
5 0.473993 0.427635 0.296980 0.158974
5 0.475461 0.746439 0.309983 0.198291
5 0.473154 0.869231 0.302013 0.047293
5 0.790898 0.290171 0.304950 0.115954
5 0.789220 0.417806 0.301594 0.143305
5 0.787752 0.639601 0.298658 0.300285
0 0.480495 0.591453 0.432466 0.217094
7 0.148700 0.948718 0.282299 0.050142
7 0.479446 0.948148 0.295302 0.055840
7 0.796770 0.946439 0.283977 0.056980
0 0.740772 0.110399 0.505034 0.166667
