1 0.325321 0.103276 0.479901 0.049288
4 0.375673 0.227635 0.583092 0.201709
4 0.802735 0.381624 0.229590 0.016239
2 0.440945 0.034900 0.730211 0.035043
9 0.162661 0.346581 0.154579 0.023077
5 0.229797 0.542735 0.288852 0.353846
5 0.227518 0.804131 0.286780 0.166667
5 0.534190 0.435328 0.285122 0.139031
5 0.532532 0.581197 0.288438 0.156695
5 0.835475 0.211823 0.295068 0.303419
5 0.835475 0.521083 0.295068 0.266097
0 0.683174 0.785328 0.596353 0.262963
3 0.195607 0.928490 0.229590 0.025071
10 0.132615 0.905413 0.106921 0.018803
