1 0.291527 0.128063 0.445470 0.089744
2 0.398909 0.036467 0.666107 0.029630
4 0.368289 0.372934 0.608221 0.402279
9 0.131921 0.590883 0.119547 0.025071
5 0.220638 0.717949 0.286913 0.213675
5 0.219799 0.871510 0.288591 0.038177
5 0.832005 0.125214 0.287332 0.126211
5 0.833683 0.289601 0.290688 0.204843
5 0.833054 0.475356 0.295302 0.166667
5 0.834522 0.595869 0.292366 0.030484
4 0.828859 0.574074 0.281040 0.015385
4 0.177013 0.845157 0.209732 0.020798
10 0.123951 0.909259 0.096896 0.021937
3 0.192534 0.934473 0.227349 0.017664
0 0.678901 0.766239 0.606963 0.298860
