4 0.212677 0.119801 0.307756 0.082336
1 0.653044 0.147721 0.540450 0.048148
9 0.453920 0.182764 0.152210 0.024217
2 0.163678 0.035897 0.184737 0.028490
3 0.179733 0.934473 0.222686 0.017664
10 0.112385 0.908120 0.091326 0.019658
5 0.216013 0.323077 0.291910 0.214815
5 0.215805 0.608547 0.294829 0.353846
5 0.185363 0.838604 0.233945 0.106268
5 0.522936 0.321368 0.293578 0.213675
5 0.520642 0.468803 0.288991 0.081197
5 0.826939 0.361396 0.291910 0.289174
5 0.848624 0.720228 0.251877 0.351567
5 0.847790 0.910969 0.215179 0.018519
4 0.827773 0.530199 0.194329 0.028490
