1 0.409034 0.249003 0.735257 0.045014
0 0.850481 0.141738 0.237976 0.163248
0 0.217691 0.125783 0.371811 0.111966
11 0.465286 0.517521 0.513174 0.080057
11 0.528022 0.607977 0.631953 0.033048
11 0.460477 0.788177 0.503555 0.049288
11 0.470096 0.872507 0.538687 0.053846
5 0.524885 0.656125 0.465077 0.033048
5 0.516729 0.923504 0.384358 0.030484
3 0.517775 0.968519 0.630698 0.037322
4 0.507946 0.432621 0.598494 0.030484
4 0.285864 0.465385 0.157675 0.021937
4 0.285236 0.582764 0.149728 0.021937
4 0.459849 0.720228 0.508156 0.031909
4 0.274571 0.755413 0.135090 0.020798
4 0.279590 0.838034 0.154329 0.021937
4 0.642409 0.141168 0.172313 0.081197
4 0.462150 0.306695 0.834797 0.063533
0 0.495190 0.514103 0.984525 0.971795
