4 0.482213 0.082662 0.883731 0.028648
4 0.110195 0.535810 0.162256 0.024172
4 0.108460 0.889585 0.165727 0.015518
4 0.346421 0.882871 0.178308 0.026559
5 0.254013 0.192778 0.436876 0.186810
5 0.254013 0.342435 0.436876 0.114891
5 0.254013 0.411071 0.436876 0.026559
5 0.702169 0.146822 0.436876 0.101462
5 0.707158 0.254551 0.443384 0.113996
5 0.707809 0.367950 0.442082 0.112802
0 0.714317 0.748732 0.455098 0.447628
5 0.712798 0.564608 0.435575 0.062071
5 0.599349 0.886303 0.199132 0.044166
5 0.714317 0.943002 0.438612 0.051925
5 0.134273 0.474038 0.213883 0.077290
5 0.135141 0.710982 0.212148 0.323784
5 0.132538 0.935392 0.213883 0.074306
5 0.366594 0.649806 0.215184 0.422262
5 0.365727 0.934348 0.216920 0.076395
5 0.600217 0.477320 0.226898 0.086243
5 0.829067 0.478365 0.218655 0.088332
10 0.979393 0.777231 0.030803 0.398985
0 0.305423 0.485079 0.092842 0.095195
2 0.593059 0.022531 0.228200 0.040883
