5 0.050381 0.304238 0.077053 0.520740
10 0.043395 0.772904 0.050381 0.407640
0 0.309907 0.743659 0.451312 0.446434
5 0.193903 0.104148 0.213378 0.060877
5 0.196232 0.317070 0.214649 0.309460
5 0.195385 0.494927 0.216342 0.051030
5 0.421253 0.451805 0.213378 0.139063
5 0.421253 0.215756 0.219306 0.284094
5 0.648603 0.152939 0.219306 0.160251
5 0.650085 0.401074 0.212955 0.260818
5 0.648391 0.760221 0.216342 0.410922
5 0.874259 0.097583 0.209992 0.051925
5 0.875106 0.195464 0.215072 0.075201
5 0.875953 0.392719 0.213378 0.102656
5 0.877434 0.641450 0.219729 0.200239
5 0.877646 0.896747 0.213378 0.140257
0 0.361558 0.427634 0.093988 0.088332
0 0.487934 0.109818 0.098645 0.074008
0 0.874471 0.287825 0.219729 0.107132
0 0.881456 0.493882 0.220999 0.099672
0 0.878281 0.797822 0.214649 0.061773
4 0.168713 0.151149 0.159610 0.017607
4 0.399238 0.375112 0.165961 0.020889
4 0.623412 0.256192 0.175699 0.026559
4 0.856266 0.145181 0.177392 0.027753
4 0.638442 0.547001 0.189670 0.015518
4 0.839966 0.759773 0.138019 0.014324
2 0.650085 0.023426 0.216342 0.040883
