0 0.500218 0.869155 0.999565 0.258094
0 0.825642 0.865857 0.348716 0.135791
5 0.882020 0.958333 0.209839 0.038969
4 0.659556 0.797962 0.673923 0.104317
4 0.519808 0.884442 0.240313 0.042266
11 0.529604 0.944394 0.394863 0.073441
8 0.328907 0.523082 0.280801 0.154077
0 0.112756 0.524131 0.151502 0.160971
0 0.845015 0.261691 0.164562 0.166667
8 0.840009 0.383243 0.154549 0.081235
5 0.707009 0.470773 0.437092 0.101019
5 0.705485 0.575839 0.440139 0.110911
5 0.706138 0.675210 0.438833 0.087830
5 0.707662 0.264388 0.441881 0.307554
5 0.254680 0.177908 0.435350 0.138789
5 0.256204 0.344424 0.441881 0.200839
1 0.482151 0.089478 0.883326 0.039868
2 0.602307 0.021133 0.214628 0.041067
5 0.252503 0.663519 0.446670 0.115408
