1 0.529512 0.072957 0.625902 0.034175
0 0.397452 0.317831 0.254777 0.079346
0 0.852229 0.152155 0.232696 0.113522
0 0.874735 0.408618 0.190234 0.086776
0 0.624841 0.645765 0.168577 0.061813
4 0.748408 0.603418 0.418259 0.027637
4 0.304883 0.616493 0.421231 0.040713
5 0.307219 0.138336 0.429299 0.088262
5 0.311040 0.230758 0.430998 0.101337
5 0.309554 0.398663 0.428025 0.234473
5 0.308705 0.554383 0.432272 0.076969
5 0.311253 0.731055 0.433970 0.186033
5 0.310403 0.893314 0.432272 0.140862
5 0.729512 0.156464 0.383864 0.124517
5 0.752229 0.290788 0.429299 0.150669
5 0.751380 0.477860 0.427601 0.221100
5 0.757749 0.695394 0.427601 0.162853
5 0.759448 0.811887 0.430998 0.074889
5 0.767941 0.867459 0.447983 0.036256
5 0.758386 0.924814 0.426327 0.073700
10 0.050106 0.766865 0.050106 0.402675
5 0.057113 0.321100 0.064119 0.479941
2 0.645223 0.021694 0.218684 0.041605
