2 0.657047 0.024170 0.205772 0.047153
4 0.300920 0.101572 0.370138 0.048339
4 0.757633 0.097865 0.410289 0.051601
4 0.543915 0.640866 0.401087 0.028470
10 0.071518 0.770018 0.047679 0.403025
0 0.217900 0.165925 0.216646 0.091044
0 0.856754 0.187278 0.246340 0.120700
0 0.684233 0.700178 0.145546 0.094306
0 0.208699 0.793149 0.216646 0.106465
5 0.329569 0.237248 0.427436 0.225386
5 0.326432 0.411477 0.421163 0.123072
5 0.327269 0.510676 0.422836 0.073547
5 0.328733 0.585409 0.425763 0.073547
5 0.643036 0.179567 0.184442 0.114176
5 0.766207 0.312574 0.427436 0.149466
5 0.763070 0.458630 0.421163 0.151542
5 0.767880 0.575474 0.421581 0.084520
5 0.881012 0.722272 0.213718 0.182384
5 0.880803 0.845196 0.210790 0.063464
5 0.883103 0.923636 0.215391 0.093416
5 0.548515 0.730427 0.413634 0.148280
5 0.550816 0.840747 0.418235 0.074733
5 0.549352 0.922598 0.411962 0.086595
5 0.210163 0.684905 0.217064 0.105279
5 0.212463 0.907177 0.218319 0.126335
