1 0.552976 0.108837 0.875475 0.097865
2 0.661461 0.018683 0.211060 0.036180
4 0.549810 0.228944 0.900380 0.140569
4 0.247995 0.320730 0.268890 0.021056
4 0.598354 0.320730 0.215703 0.018683
4 0.623259 0.469454 0.281553 0.015421
4 0.204306 0.712782 0.165471 0.056050
5 0.273955 0.484431 0.326720 0.306346
5 0.205783 0.840302 0.175179 0.200771
8 0.384128 0.940243 0.124947 0.031732
8 0.602153 0.685943 0.192064 0.041518
8 0.677290 0.750741 0.148164 0.061388
8 0.886028 0.685350 0.109751 0.036180
8 0.876530 0.831999 0.187843 0.032918
8 0.876530 0.943505 0.187843 0.031732
0 0.337273 0.572361 0.222035 0.141756
0 0.382651 0.851275 0.121992 0.137307
0 0.632756 0.873221 0.312368 0.134935
0 0.418531 0.710706 0.187843 0.086892
0 0.801604 0.699140 0.071760 0.066133
0 0.876741 0.776542 0.178134 0.077995
0 0.874420 0.887456 0.173491 0.077995
4 0.627269 0.950178 0.236387 0.014235
3 0.069228 0.897983 0.054875 0.149466
