0 0.638436 0.222485 0.221246 0.163314
0 0.162903 0.461982 0.215391 0.151183
8 0.156629 0.560059 0.159348 0.025444
3 0.101631 0.900888 0.071100 0.141420
4 0.336470 0.851479 0.109996 0.020710
4 0.648473 0.110799 0.458804 0.044675
5 0.258887 0.696893 0.051025 0.239941
5 0.405270 0.172633 0.219992 0.063609
5 0.465077 0.278402 0.345462 0.119527
5 0.465705 0.358432 0.344207 0.038166
5 0.465705 0.463166 0.340862 0.173077
5 0.465705 0.567751 0.340862 0.036095
5 0.467169 0.634467 0.343789 0.099704
5 0.470514 0.703107 0.347135 0.035207
5 0.471142 0.740828 0.348390 0.033728
5 0.461104 0.802663 0.353409 0.059172
5 0.464241 0.914053 0.356336 0.106213
5 0.829778 0.801036 0.340443 0.062426
5 0.830406 0.898225 0.339189 0.133728
5 0.813467 0.212722 0.342116 0.150296
5 0.816604 0.299260 0.342535 0.022781
5 0.820577 0.354586 0.343789 0.089645
5 0.820368 0.412130 0.340862 0.023077
5 0.814931 0.448225 0.329987 0.049112
5 0.812840 0.483876 0.337516 0.026331
5 0.822041 0.631213 0.350063 0.268343
