1 0.563595 0.211144 0.872811 0.226746
2 0.267098 0.043685 0.285655 0.019614
4 0.564429 0.376226 0.871143 0.074889
4 0.389074 0.438930 0.511259 0.015453
9 0.266472 0.464785 0.262719 0.016642
5 0.271059 0.603418 0.271893 0.190490
5 0.273353 0.809807 0.279817 0.222288
5 0.273978 0.943982 0.281068 0.048440
5 0.571309 0.660624 0.291910 0.256166
5 0.860926 0.547103 0.278148 0.090936
5 0.862594 0.636701 0.274812 0.087667
5 0.864053 0.725111 0.271893 0.090342
5 0.864053 0.866270 0.271893 0.196731
3 0.093411 0.896137 0.046706 0.141753
4 0.535238 0.515899 0.213094 0.035067
0 0.570684 0.865825 0.293161 0.154235
8 0.542952 0.952303 0.231860 0.025260
