2 0.162318 0.045114 0.298098 0.026679
0 0.477001 0.281625 0.914197 0.408573
0 0.776648 0.613609 0.298098 0.248801
0 0.158337 0.608513 0.280407 0.223022
8 0.160548 0.739508 0.288368 0.038969
8 0.817559 0.720624 0.206546 0.036571
8 0.455551 0.458633 0.399823 0.020983
8 0.380142 0.268285 0.085360 0.046763
8 0.801194 0.252848 0.180009 0.017686
4 0.225343 0.105665 0.394958 0.025480
4 0.566121 0.103417 0.221141 0.020983
4 0.564352 0.278327 0.221141 0.039868
4 0.180451 0.308753 0.301636 0.023381
0 0.603052 0.185102 0.301194 0.139988
0 0.603936 0.375899 0.306502 0.142086
0 0.183547 0.211631 0.321097 0.173261
0 0.168731 0.389388 0.281734 0.142086
11 0.378594 0.388789 0.111455 0.074341
11 0.849624 0.364958 0.145953 0.184353
11 0.838788 0.171163 0.124281 0.094125
5 0.160770 0.870054 0.285272 0.208933
5 0.781513 0.911721 0.294560 0.138789
5 0.777311 0.794514 0.293233 0.090827
5 0.467050 0.547962 0.294560 0.075540
5 0.464617 0.630845 0.296771 0.087830
5 0.466387 0.801709 0.293233 0.256295
5 0.464617 0.953837 0.293233 0.049760
4 0.463733 0.501948 0.291464 0.018885
3 0.966608 0.911721 0.058824 0.151978
