1 0.543769 0.112567 0.909013 0.067302
4 0.540535 0.196546 0.902544 0.104824
2 0.138853 0.054646 0.108668 0.019952
4 0.543769 0.290649 0.899526 0.059559
9 0.204398 0.337105 0.232859 0.024419
5 0.236309 0.410959 0.287193 0.119119
5 0.236309 0.567004 0.294092 0.192972
5 0.241268 0.782758 0.297111 0.240322
5 0.247305 0.945354 0.297111 0.031864
5 0.546141 0.410363 0.293661 0.120310
5 0.547865 0.623288 0.297111 0.307921
0 0.554118 0.851102 0.296680 0.150089
8 0.548512 0.939250 0.288918 0.037522
5 0.853816 0.467689 0.292367 0.239130
5 0.855326 0.696397 0.289349 0.226623
5 0.854463 0.862567 0.291074 0.106909
5 0.855326 0.937612 0.289349 0.044967
3 0.480595 0.967391 0.760241 0.021144
3 0.059940 0.907385 0.056059 0.143538
