1 0.545929 0.134885 0.908141 0.106834
4 0.555507 0.236944 0.611232 0.080573
4 0.541141 0.319606 0.917719 0.060877
9 0.542447 0.364070 0.240313 0.020889
5 0.223117 0.483438 0.288637 0.193375
5 0.224859 0.659057 0.288637 0.144733
5 0.533522 0.504327 0.286896 0.224411
5 0.539399 0.675172 0.295168 0.121456
5 0.845668 0.458371 0.285155 0.134885
5 0.853069 0.627126 0.293862 0.206804
0 0.308010 0.854073 0.447976 0.229782
0 0.774053 0.853178 0.451894 0.230379
3 0.039617 0.905103 0.053113 0.148016
2 0.146713 0.049537 0.138441 0.024470
