2 0.096678 0.054681 0.127768 0.037444
0 0.471891 0.204903 0.285349 0.227935
3 0.956133 0.905498 0.051959 0.140862
5 0.775554 0.945171 0.287053 0.061516
5 0.776405 0.804160 0.288756 0.222288
5 0.778748 0.527489 0.290034 0.324517
5 0.775554 0.300149 0.299830 0.127786
5 0.777044 0.160921 0.302811 0.153046
5 0.468697 0.411887 0.282368 0.179495
5 0.471252 0.575334 0.290034 0.147400
5 0.472956 0.767459 0.293441 0.241010
5 0.472104 0.929123 0.291738 0.084695
5 0.173978 0.145022 0.272998 0.125409
5 0.173978 0.269837 0.269591 0.133135
5 0.172913 0.420208 0.277683 0.165230
5 0.167589 0.598960 0.272998 0.197028
5 0.172913 0.835661 0.287053 0.282912
