2 0.857085 0.067222 0.189746 0.039644
3 0.492935 0.941683 0.905127 0.071818
4 0.176221 0.122522 0.268470 0.043953
4 0.562778 0.123097 0.408559 0.041080
4 0.144328 0.528009 0.207913 0.048837
4 0.458821 0.526286 0.231328 0.058604
4 0.781792 0.527578 0.278159 0.049698
0 0.197820 0.337978 0.259184 0.134731
0 0.787041 0.277219 0.291885 0.253950
0 0.194994 0.740161 0.163101 0.137030
0 0.490715 0.738006 0.217602 0.125826
0 0.790472 0.741741 0.282600 0.129273
11 0.193379 0.859523 0.243843 0.068371
11 0.506863 0.860529 0.256358 0.077277
11 0.812878 0.857799 0.259588 0.076415
11 0.190149 0.456765 0.218813 0.082735
5 0.195600 0.206550 0.285426 0.117208
5 0.192572 0.610888 0.289059 0.110600
5 0.494550 0.613617 0.290674 0.118357
5 0.792491 0.614191 0.284215 0.119506
