2 0.097181 0.061137 0.178983 0.031526
0 0.101880 0.134207 0.188381 0.083972
0 0.073473 0.413082 0.134131 0.087213
0 0.079667 0.599146 0.134558 0.092811
0 0.807561 0.196965 0.178983 0.187684
0 0.385092 0.522245 0.147373 0.106953
0 0.710167 0.702269 0.183255 0.098114
0 0.390645 0.909104 0.161042 0.071008
4 0.140752 0.357837 0.253311 0.033883
4 0.144810 0.525486 0.276805 0.048026
4 0.131141 0.873011 0.237505 0.031821
4 0.130500 0.923689 0.242204 0.043606
4 0.426100 0.851208 0.229389 0.042428
4 0.737933 0.631261 0.235370 0.043901
4 0.438915 0.111815 0.216574 0.023866
9 0.387441 0.133618 0.117044 0.019741
5 0.522853 0.175751 0.384451 0.062169
5 0.521786 0.230112 0.389150 0.051267
5 0.612132 0.305539 0.566425 0.094873
5 0.615335 0.372717 0.569415 0.037124
5 0.608928 0.421774 0.563434 0.056865
5 0.756728 0.815115 0.283212 0.322039
5 0.756941 0.527696 0.286202 0.133176
5 0.453225 0.640542 0.289620 0.345905
5 0.444468 0.924867 0.268689 0.104891
5 0.144810 0.962434 0.267407 0.031526
5 0.151004 0.697849 0.296027 0.299057
5 0.152499 0.433707 0.289620 0.120212
5 0.155703 0.213907 0.296027 0.236889
3 0.938701 0.906305 0.049124 0.142015
