2 0.118471 0.044874 0.114650 0.028529
3 0.034395 0.900000 0.053503 0.142942
4 0.218896 0.355869 0.281529 0.062704
4 0.522718 0.364487 0.275159 0.075780
4 0.826115 0.364042 0.287473 0.081426
5 0.217410 0.548291 0.287898 0.311441
5 0.218471 0.833878 0.292569 0.266270
5 0.521868 0.848886 0.282803 0.205944
5 0.521019 0.458692 0.278556 0.107875
5 0.523355 0.630312 0.283227 0.235364
5 0.824628 0.653046 0.278556 0.494205
5 0.825265 0.937444 0.283227 0.054978
0 0.215074 0.191679 0.292569 0.208024
0 0.511465 0.191828 0.290870 0.212481
0 0.814437 0.193908 0.298938 0.221397
