11 0.628833 0.337130 0.571124 0.331065
5 0.631388 0.142604 0.572828 0.044970
4 0.512990 0.106953 0.339438 0.028698
0 0.168228 0.188609 0.296422 0.211538
8 0.167589 0.346450 0.291738 0.095266
8 0.166099 0.537574 0.288756 0.050296
8 0.468058 0.762722 0.271721 0.178698
8 0.774063 0.786834 0.284072 0.134615
0 0.473595 0.603846 0.292164 0.160947
0 0.775767 0.615828 0.284072 0.196154
2 0.083901 0.064793 0.114991 0.023077
0 0.787479 0.047189 0.301533 0.058284
0 0.168441 0.454290 0.290034 0.113905
5 0.167589 0.731065 0.285775 0.312426
5 0.165247 0.929882 0.287053 0.089941
5 0.471891 0.915089 0.285349 0.121893
5 0.775554 0.915089 0.287053 0.121893
3 0.956133 0.909024 0.055366 0.144675
