2 0.124047 0.049777 0.123624 0.025260
0 0.817739 0.029421 0.291702 0.050520
0 0.814776 0.202675 0.297629 0.258544
0 0.359229 0.704012 0.569433 0.259733
0 0.813929 0.748588 0.299323 0.199108
4 0.254234 0.096582 0.356054 0.028529
4 0.737934 0.541753 0.125318 0.020802
8 0.809272 0.379941 0.280694 0.093611
8 0.806308 0.906538 0.280694 0.116790
8 0.358383 0.896731 0.558425 0.116790
3 0.031541 0.895097 0.054615 0.133135
5 0.363887 0.193314 0.575360 0.160773
5 0.360923 0.318276 0.566046 0.076077
5 0.353726 0.428975 0.555038 0.136404
5 0.358383 0.531204 0.564352 0.048440
5 0.811600 0.475186 0.281964 0.083804
5 0.814141 0.600149 0.287045 0.102526
