5 0.175637 0.679792 0.304437 0.070431
5 0.174815 0.740416 0.324158 0.039525
5 0.170912 0.778900 0.264585 0.028529
5 0.170090 0.816345 0.305670 0.039822
5 0.176253 0.864339 0.312243 0.049629
5 0.173993 0.918722 0.179540 0.050817
3 0.173993 0.958841 0.122021 0.025260
5 0.176253 0.582467 0.287592 0.033878
5 0.173172 0.611590 0.126130 0.024368
7 0.173172 0.523031 0.306081 0.055869
7 0.174610 0.293016 0.308956 0.373254
5 0.246097 0.072363 0.153657 0.028826
0 0.094084 0.064636 0.135579 0.048440
4 0.232539 0.050817 0.129006 0.016642
4 0.172350 0.561070 0.109696 0.015453
4 0.173993 0.636999 0.158176 0.017533
7 0.566557 0.651263 0.346754 0.598811
0 0.856409 0.419019 0.150781 0.123031
0 0.858053 0.528529 0.150781 0.082318
0 0.854355 0.796434 0.161463 0.407132
0 0.816763 0.941308 0.287592 0.087073
0 0.660846 0.214859 0.547658 0.256166
