0 0.101840 0.106015 0.191970 0.210840
0 0.104977 0.313877 0.198243 0.207266
0 0.106441 0.522335 0.195316 0.209649
0 0.107905 0.715307 0.198243 0.172126
0 0.109368 0.899643 0.197825 0.200715
0 0.399205 0.195354 0.232120 0.221560
0 0.383731 0.457862 0.235466 0.124777
0 0.388331 0.858696 0.207863 0.099166
0 0.647846 0.655896 0.209118 0.086063
0 0.870974 0.513550 0.193643 0.090232
0 0.652447 0.425849 0.196570 0.166766
0 0.655583 0.137433 0.212045 0.121203
0 0.877875 0.185974 0.179841 0.083681
0 0.868674 0.712180 0.198243 0.077129
4 0.368883 0.072960 0.168967 0.020846
4 0.324760 0.324896 0.080719 0.013103
4 0.368256 0.338148 0.170222 0.019952
4 0.269762 0.324449 0.016729 0.021144
4 0.226474 0.432549 0.029695 0.021144
4 0.221665 0.209202 0.032622 0.039607
4 0.335634 0.529482 0.104977 0.020846
4 0.318486 0.674509 0.133417 0.028588
4 0.371184 0.774419 0.217064 0.047350
4 0.355082 0.926593 0.190715 0.034247
4 0.642409 0.219029 0.219992 0.048541
4 0.640945 0.521292 0.213718 0.026504
4 0.648683 0.714860 0.229193 0.038416
4 0.646382 0.788714 0.224592 0.025313
4 0.867001 0.875968 0.185696 0.144431
4 0.870765 0.763401 0.196570 0.025313
4 0.867838 0.649345 0.187369 0.048541
4 0.850690 0.572513 0.159766 0.025313
4 0.859264 0.240619 0.170222 0.020846
4 0.862192 0.412150 0.182769 0.024419
4 0.859891 0.098273 0.178168 0.014294
4 0.826642 0.135348 0.111669 0.017570
5 0.378294 0.373437 0.193643 0.046456
5 0.392932 0.597379 0.222919 0.116736
5 0.390632 0.715307 0.214973 0.059559
5 0.351945 0.962031 0.137599 0.034247
5 0.652447 0.845593 0.187369 0.092615
5 0.656420 0.573705 0.204517 0.082490
5 0.658511 0.287373 0.212045 0.090530
5 0.878503 0.324896 0.162693 0.150089
5 0.653074 0.754020 0.191970 0.039905
4 0.879339 0.794818 0.207863 0.017868
4 0.878503 0.616141 0.206190 0.022037
5 0.854454 0.591870 0.132999 0.017570
3 0.722083 0.967987 0.373484 0.013401
