5 0.275294 0.152273 0.391765 0.112727
5 0.275294 0.258636 0.391765 0.095455
5 0.275000 0.343409 0.388824 0.078636
5 0.277353 0.397727 0.395882 0.034545
5 0.276765 0.519773 0.394706 0.120455
5 0.276765 0.602273 0.394706 0.046364
5 0.277353 0.694318 0.395882 0.137727
5 0.279412 0.809091 0.397647 0.096364
5 0.277059 0.880682 0.398824 0.051364
5 0.698529 0.108409 0.394706 0.027727
5 0.699118 0.139545 0.395882 0.034545
5 0.700294 0.170455 0.395882 0.030000
5 0.700588 0.215909 0.398824 0.065455
5 0.698529 0.576818 0.388824 0.049091
5 0.700588 0.666818 0.387059 0.075455
5 0.699706 0.755909 0.388824 0.105455
5 0.699706 0.858636 0.394706 0.095455
8 0.699706 0.503864 0.400588 0.073182
8 0.702059 0.354545 0.401765 0.205455
4 0.166765 0.437727 0.184118 0.030000
4 0.597941 0.614545 0.193529 0.026364
