1 0.489706 0.116136 0.375882 0.047727
9 0.490882 0.176591 0.533529 0.037727
5 0.490294 0.205909 0.308824 0.020909
0 0.698824 0.279773 0.398824 0.073182
8 0.698235 0.367500 0.391765 0.073182
5 0.700588 0.486591 0.387059 0.103182
5 0.699706 0.576818 0.388824 0.075455
5 0.697647 0.658864 0.392941 0.093182
5 0.700000 0.789318 0.391765 0.169545
5 0.630294 0.880000 0.258235 0.014545
5 0.707059 0.897273 0.377647 0.018182
5 0.276471 0.894091 0.391765 0.015455
5 0.278824 0.834091 0.398824 0.106364
5 0.279412 0.712727 0.397647 0.136364
5 0.274412 0.338409 0.395882 0.139545
5 0.275294 0.492727 0.397647 0.170909
4 0.273824 0.253636 0.095882 0.025455
4 0.147941 0.626364 0.140588 0.025455
10 0.041176 0.481364 0.047059 0.450000
3 0.488235 0.930682 0.025882 0.017727
