5 0.276471 0.145682 0.391765 0.108636
5 0.277353 0.266591 0.393529 0.139545
5 0.275294 0.380000 0.391765 0.096364
5 0.277941 0.457500 0.394706 0.063182
5 0.279412 0.511818 0.400000 0.045455
5 0.279412 0.562500 0.403529 0.062273
5 0.281471 0.670000 0.401765 0.152727
5 0.282353 0.819091 0.405882 0.136364
5 0.281471 0.896136 0.410000 0.022273
5 0.698529 0.166818 0.394706 0.150909
5 0.697647 0.373409 0.396471 0.185000
5 0.701176 0.567955 0.403529 0.150455
5 0.702059 0.681591 0.401765 0.076818
5 0.698529 0.759091 0.394706 0.076364
5 0.696765 0.835000 0.394706 0.075455
5 0.701176 0.888409 0.397647 0.035909
4 0.681765 0.479318 0.358824 0.022273
4 0.570588 0.264773 0.142353 0.025909
