5 0.275000 0.197727 0.400588 0.210909
5 0.273824 0.334091 0.394706 0.046364
5 0.274412 0.404545 0.393529 0.090000
5 0.277941 0.483636 0.400588 0.075455
5 0.274412 0.567500 0.399412 0.092273
5 0.276471 0.667955 0.400000 0.108636
5 0.275000 0.793636 0.394706 0.091818
5 0.275882 0.872500 0.398824 0.063182
5 0.699118 0.128864 0.395882 0.077727
5 0.696471 0.249091 0.398824 0.096364
5 0.697647 0.342273 0.390588 0.090000
5 0.697059 0.436136 0.391765 0.099545
5 0.699118 0.604091 0.395882 0.165455
5 0.700294 0.778182 0.395882 0.182727
5 0.700588 0.889091 0.398824 0.040909
4 0.138235 0.735000 0.123529 0.025455
4 0.685588 0.505227 0.374706 0.023182
4 0.605588 0.184318 0.212353 0.028636
