7 0.276765 0.186136 0.388824 0.189545
0 0.696176 0.175909 0.390000 0.171818
8 0.699118 0.291818 0.395882 0.060000
8 0.276765 0.344091 0.388824 0.084545
5 0.277353 0.430000 0.395882 0.030000
5 0.277059 0.483182 0.398824 0.071818
5 0.276765 0.580227 0.394706 0.124091
5 0.273824 0.721591 0.394706 0.089545
5 0.275294 0.798636 0.397647 0.064545
11 0.245000 0.873864 0.305294 0.057727
11 0.654118 0.359773 0.268235 0.037727
5 0.700294 0.454318 0.395882 0.134091
5 0.699118 0.606818 0.395882 0.106364
5 0.700588 0.676591 0.398824 0.031364
7 0.695588 0.758636 0.380588 0.106364
8 0.699118 0.862727 0.393529 0.070909
4 0.197647 0.659318 0.248235 0.023182
4 0.659412 0.539773 0.320000 0.023182
