7 0.488824 0.198864 0.816471 0.219545
8 0.485294 0.348864 0.811765 0.043182
5 0.274412 0.415455 0.390000 0.056364
5 0.274412 0.491591 0.395882 0.088636
5 0.272941 0.574545 0.396471 0.075455
5 0.275882 0.704318 0.392941 0.122273
5 0.275882 0.796364 0.392941 0.060000
5 0.275882 0.880682 0.390588 0.046818
5 0.697059 0.415455 0.391765 0.056364
5 0.698529 0.494318 0.394706 0.089545
5 0.700588 0.577500 0.398824 0.072273
5 0.701765 0.652273 0.404706 0.077273
5 0.701176 0.754091 0.405882 0.126364
5 0.700294 0.879091 0.401765 0.054545
4 0.169706 0.629545 0.186471 0.020909
4 0.275294 0.841136 0.391765 0.023182
4 0.655294 0.837273 0.308235 0.020000
