0 0.263529 0.198864 0.371765 0.233182
7 0.668235 0.238182 0.425882 0.127273
8 0.669118 0.317500 0.447647 0.033182
8 0.266471 0.329091 0.268235 0.020909
8 0.490294 0.352273 0.448824 0.019091
8 0.488235 0.671591 0.823529 0.032273
0 0.490294 0.503182 0.813529 0.256364
5 0.273824 0.727727 0.388824 0.030909
5 0.275294 0.788636 0.391765 0.092727
5 0.279412 0.885455 0.394118 0.030000
5 0.700000 0.740909 0.391765 0.060000
5 0.700294 0.813182 0.395882 0.075455
5 0.700588 0.884091 0.392941 0.050909
4 0.141176 0.853409 0.123529 0.023182
