5 0.275000 0.137273 0.402941 0.094545
5 0.275588 0.284318 0.401765 0.195000
5 0.272941 0.537500 0.398824 0.314091
5 0.276765 0.742500 0.394706 0.094091
5 0.272941 0.838636 0.387059 0.040000
5 0.275294 0.881818 0.391765 0.046364
5 0.698529 0.726364 0.394706 0.197273
5 0.698235 0.866136 0.397647 0.084091
5 0.699118 0.528636 0.395882 0.127273
5 0.696176 0.381136 0.393529 0.109545
5 0.698235 0.283182 0.397647 0.090909
7 0.697647 0.169545 0.355294 0.120909
5 0.646765 0.099091 0.282941 0.020000
4 0.137353 0.809091 0.119412 0.020909
4 0.588824 0.614545 0.183529 0.020000
4 0.551176 0.451591 0.097647 0.019545
