0 0.271471 0.179318 0.321765 0.185000
8 0.275294 0.323182 0.397647 0.070909
5 0.273824 0.435909 0.394706 0.110909
5 0.290294 0.526364 0.361765 0.070000
5 0.275000 0.665000 0.394706 0.198182
5 0.276765 0.779091 0.394706 0.030000
5 0.322647 0.825227 0.297059 0.053182
5 0.276765 0.881818 0.394706 0.050909
5 0.701176 0.198409 0.400000 0.214091
5 0.701176 0.370000 0.391765 0.065455
5 0.699118 0.504318 0.404118 0.149545
5 0.698824 0.650682 0.398824 0.138636
5 0.698824 0.765455 0.398824 0.095455
5 0.698824 0.837955 0.398824 0.054091
5 0.702647 0.885227 0.402941 0.037727
4 0.570588 0.322955 0.138824 0.024091
4 0.596765 0.417273 0.199412 0.024545
