5 0.275588 0.174318 0.401765 0.168636
5 0.277353 0.305909 0.401765 0.091818
5 0.279412 0.376136 0.409412 0.046818
5 0.276471 0.531818 0.395294 0.187273
5 0.275882 0.675000 0.396471 0.107273
5 0.276471 0.798182 0.397647 0.140909
5 0.277941 0.888409 0.400588 0.028636
5 0.703235 0.888864 0.395882 0.027727
5 0.701471 0.851136 0.388824 0.032273
5 0.697647 0.797955 0.390588 0.074091
5 0.700588 0.662727 0.392941 0.198182
5 0.700294 0.527727 0.395882 0.080909
5 0.702059 0.421591 0.401765 0.048636
8 0.698529 0.363409 0.394706 0.032273
7 0.694118 0.270909 0.354118 0.168182
8 0.698235 0.172273 0.308235 0.015455
7 0.696765 0.127955 0.348824 0.077727
4 0.175294 0.424545 0.197647 0.020909
4 0.693529 0.470455 0.398824 0.024545
