5 0.275000 0.122727 0.394706 0.060909
5 0.277059 0.349091 0.398824 0.304545
5 0.275000 0.826364 0.388824 0.152727
5 0.699118 0.819545 0.390000 0.166364
8 0.698529 0.612955 0.394706 0.123182
8 0.697647 0.303182 0.295294 0.015455
8 0.697059 0.185455 0.294118 0.015455
8 0.277353 0.677045 0.393529 0.032273
7 0.275000 0.581818 0.354706 0.142727
7 0.697059 0.132955 0.365882 0.089545
7 0.696176 0.252500 0.361765 0.092273
0 0.695588 0.446591 0.354706 0.205000
4 0.220000 0.181591 0.287059 0.018636
4 0.164118 0.733864 0.177647 0.018636
4 0.595882 0.714318 0.195294 0.024091
