5 0.273824 0.123409 0.394706 0.066818
5 0.299412 0.199318 0.351765 0.032273
5 0.338529 0.400682 0.271176 0.022273
5 0.699706 0.620682 0.397059 0.112273
5 0.698235 0.747955 0.391765 0.118636
5 0.700588 0.863409 0.387059 0.078636
5 0.698235 0.531364 0.391765 0.046364
5 0.275882 0.840682 0.387059 0.117727
5 0.274412 0.732727 0.393529 0.096364
5 0.274412 0.580227 0.390000 0.150455
5 0.273824 0.460455 0.394706 0.092727
5 0.275000 0.349091 0.394706 0.091818
5 0.272941 0.265455 0.392941 0.080000
8 0.698235 0.441591 0.400000 0.088636
0 0.693529 0.236136 0.347059 0.300455
4 0.229412 0.675682 0.294118 0.017727
