0 0.706176 0.332500 0.415882 0.129545
8 0.698235 0.440000 0.391765 0.056364
9 0.488235 0.205455 0.765882 0.057273
1 0.490882 0.141136 0.533529 0.031364
4 0.275882 0.277045 0.083529 0.023182
4 0.146765 0.640682 0.152353 0.023182
3 0.489412 0.933182 0.025882 0.020909
10 0.043529 0.489318 0.045882 0.445909
5 0.275294 0.453409 0.397647 0.305000
5 0.276765 0.773182 0.394706 0.228182
5 0.275882 0.897727 0.396471 0.019091
5 0.697647 0.546818 0.392941 0.110909
5 0.700588 0.706136 0.398824 0.205000
5 0.699706 0.858636 0.397059 0.095455
