0 0.484118 0.210000 0.803529 0.246364
0 0.272941 0.432727 0.387059 0.077273
7 0.699706 0.441818 0.351176 0.090909
0 0.695294 0.528182 0.365882 0.080000
8 0.699706 0.643409 0.400588 0.137727
8 0.487647 0.355682 0.816471 0.047727
8 0.275000 0.505909 0.394706 0.061818
5 0.232941 0.565682 0.307059 0.017727
5 0.277353 0.600682 0.395882 0.056818
5 0.278824 0.663864 0.390588 0.058636
5 0.278824 0.755227 0.392941 0.124091
4 0.248529 0.832500 0.338235 0.023182
5 0.272941 0.865227 0.392941 0.037727
5 0.277941 0.899091 0.371176 0.025455
5 0.697647 0.792500 0.392941 0.092273
5 0.702647 0.872955 0.394706 0.064091
