7 0.487647 0.183182 0.770588 0.192727
8 0.485882 0.301818 0.816471 0.044545
5 0.261471 0.347955 0.373529 0.014091
5 0.273824 0.401136 0.394706 0.089545
5 0.699118 0.380682 0.393529 0.077727
5 0.274412 0.546818 0.393529 0.135455
5 0.275882 0.698182 0.392941 0.167273
5 0.277941 0.841818 0.397059 0.120000
5 0.696765 0.492500 0.388824 0.073182
5 0.699706 0.630682 0.394706 0.203182
5 0.696765 0.777955 0.394706 0.032273
5 0.697059 0.810227 0.397647 0.032273
5 0.700588 0.868409 0.398824 0.084091
4 0.553529 0.745909 0.118824 0.020909
4 0.570000 0.438409 0.143529 0.026818
4 0.133824 0.462045 0.112353 0.018636
